85.23   90.00   17277   505     503
84.89   90.00   17279   506     519
84.55   90.00   17281   507     507
84.20   90.00   17283   508     503
83.86   90.00   17285   509     513
83.52   90.00   17287   510     503
84.20   90.00   17289   508     499
84.89   90.00   17291   506     507
84.89   90.00   17293   506     503
84.20   90.00   17295   508     533
84.55   90.00   17297   507     502
84.55   90.00   17299   507     500
84.89   90.00   17301   506     509
84.89   90.00   17303   506     500
84.89   90.00   17305   506     500
84.89   90.00   17307   506     502
85.23   90.00   17309   505     498
86.59   90.00   17311   501     499
86.93   90.00   17313   500     500
85.91   90.00   17316   503     521
86.59   90.00   17318   501     496
86.59   90.00   17320   501     496
86.93   90.00   17322   500     496
86.93   90.00   17324   500     496
87.27   90.00   17326   499     494
87.27   90.00   17328   499     494
87.61   90.00   17330   498     493
88.98   90.00   17332   494     493
88.98   90.00   17334   494     494
87.95   90.00   17336   497     523
87.95   90.00   17338   497     492
88.30   90.00   17340   496     492
88.30   90.00   17342   496     489
88.64   90.00   17344   495     489
88.30   90.00   17346   496     502
88.30   90.00   17348   496     489
88.64   90.00   17350   495     487
90.00   90.00   17352   491     496
90.00   90.00   17354   491     489
88.98   90.00   17356   494     513
88.98   90.00   17358   494     488
89.32   90.00   17360   493     486
89.66   90.00   17362   492     491
90.00   90.00   17364   491     486
89.66   90.00   17366   492     488
89.32   90.00   17368   493     507
89.32   90.00   17370   493     488
90.34   90.00   17372   490     487
89.66   90.00   17374   492     508
88.64   90.00   17376   495     507
88.98   90.00   17378   494     484
88.64   90.00   17380   495     496
88.64   90.00   17382   495     490
89.32   90.00   17384   493     487
89.32   90.00   17386   493     489
89.32   90.00   17388   493     490
90.00   90.00   17390   491     492
90.68   90.00   17392   489     491
90.34   90.00   17394   490     493
89.66   90.00   17396   492     511
89.32   90.00   17398   493     495
88.98   90.00   17400   494     495
88.64   90.00   17402   495     495
88.30   90.00   17404   496     497
88.30   90.00   17406   496     496
87.95   90.00   17409   497     498
87.61   90.00   17411   498     498
88.30   90.00   17413   496     501
87.95   90.00   17415   497     498
87.61   90.00   17417   498     505
87.27   90.00   17419   499     506
86.93   90.00   17421   500     500
86.93   90.00   17423   500     501
86.25   90.00   17425   502     508
86.25   90.00   17427   502     501
86.25   90.00   17429   502     502
85.91   90.00   17431   503     503
86.25   90.00   17433   502     502
86.25   90.00   17435   502     505
85.91   90.00   17437   503     506
85.91   90.00   17439   503     504
85.23   90.00   17441   505     518
85.23   90.00   17443   505     504
85.23   90.00   17445   505     500
84.89   90.00   17447   506     511
84.89   90.00   17449   506     503
85.23   90.00   17451   505     497
85.23   90.00   17453   505     506
85.23   90.00   17455   505     502
85.91   90.00   17457   503     505
86.25   90.00   17459   502     500
86.25   90.00   17461   502     499
86.59   90.00   17463   501     504
86.59   90.00   17465   501     498
86.59   90.00   17467   501     499
86.93   90.00   17469   500     498
87.27   90.00   17471   499     497
87.61   90.00   17473   498     496
86.59   90.00   17475   501     519
86.93   90.00   17477   500     496
87.27   90.00   17479   499     495
87.27   90.00   17481   499     494
87.61   90.00   17483   498     493
87.61   90.00   17485   498     498
87.95   90.00   17487   497     490
88.30   90.00   17489   496     491
88.98   90.00   17491   494     503
88.98   90.00   17493   494     490
88.30   90.00   17495   496     513
88.30   90.00   17497   496     491
88.64   90.00   17500   495     487
88.98   90.00   17502   494     493
88.98   90.00   17504   494     486
89.32   90.00   17506   493     487
89.32   90.00   17508   493     499
89.66   90.00   17510   492     486
91.02   90.00   17512   488     483
90.34   90.00   17514   490     500
89.32   90.00   17516   493     512
90.00   90.00   17518   491     482
89.32   90.00   17520   493     499
89.32   90.00   17522   493     490
89.32   90.00   17524   493     494
89.32   90.00   17526   493     488
88.98   90.00   17528   494     488
89.32   90.00   17530   493     499
90.34   90.00   17532   490     488
90.00   90.00   17534   491     489
88.98   90.00   17536   494     520
88.98   90.00   17538   494     491
88.98   90.00   17540   494     491
88.98   90.00   17542   494     492
88.64   90.00   17544   495     492
88.98   90.00   17546   494     493
88.64   90.00   17548   495     494
88.64   90.00   17550   495     495
89.66   90.00   17552   492     496
89.32   90.00   17554   493     497
87.95   90.00   17556   497     522
87.61   90.00   17558   498     501
87.27   90.00   17560   499     498
86.93   90.00   17562   500     499
86.25   90.00   17564   502     509
86.25   90.00   17566   502     500
86.25   90.00   17568   502     496
85.91   90.00   17570   503     501
86.93   90.00   17572   500     502
86.59   90.00   17574   501     508
85.57   90.00   17576   504     519
85.57   90.00   17578   504     502
85.57   90.00   17580   504     511
85.23   90.00   17582   505     503
85.23   90.00   17584   505     501
84.55   90.00   17586   507     513
84.55   90.00   17588   507     506
84.20   90.00   17590   508     510
84.89   90.00   17593   506     505
84.89   90.00   17595   506     502
84.55   90.00   17597   507     521
84.55   90.00   17599   507     503
84.55   90.00   17601   507     501
84.55   90.00   17603   507     510
84.89   90.00   17605   506     502
85.57   90.00   17607   504     495
85.23   90.00   17609   505     507
85.57   90.00   17611   504     500
86.25   90.00   17613   502     500
86.25   90.00   17615   502     504
86.25   90.00   17617   502     503
86.93   90.00   17619   500     495
86.93   90.00   17621   500     497
86.93   90.00   17623   500     497
87.61   90.00   17625   498     496
87.61   90.00   17627   498     495
87.95   90.00   17629   497     495
88.30   90.00   17631   496     493
88.64   90.00   17633   495     494
88.64   90.00   17635   495     494
88.64   90.00   17637   495     501
88.98   90.00   17639   494     491
89.32   90.00   17641   493     489
89.32   90.00   17643   493     491
89.66   90.00   17645   492     491
88.98   90.00   17647   494     502
89.32   90.00   17649   493     489
89.66   90.00   17651   492     489
89.66   90.00   17653   492     499
89.66   90.00   17655   492     488
89.66   90.00   17657   492     491
89.66   90.00   17659   492     488
90.00   90.00   17661   491     488
90.34   90.00   17663   490     493
90.34   90.00   17665   490     487
90.34   90.00   17667   490     488
90.34   90.00   17669   490     504
90.34   90.00   17671   490     488
90.34   90.00   17673   490     488
88.30   90.00   17675   496     534
88.30   90.00   17677   496     489
88.64   90.00   17679   495     483
88.30   90.00   17681   496     498
88.30   90.00   17684   496     490
88.64   90.00   17686   495     491
88.64   90.00   17688   495     490
88.64   90.00   17690   495     490
90.34   90.00   17692   490     493
90.34   90.00   17694   490     492
88.98   90.00   17696   494     513
88.98   90.00   17698   494     495
88.98   90.00   17700   494     493
88.98   90.00   17702   494     493
88.64   90.00   17704   495     494
88.30   90.00   17706   496     496
88.30   90.00   17708   496     495
88.30   90.00   17710   496     496
88.98   90.00   17712   494     498
88.64   90.00   17714   495     498
87.61   90.00   17716   498     522
87.27   90.00   17718   499     498
86.93   90.00   17720   500     501
86.93   90.00   17722   500     499
86.59   90.00   17724   501     500
86.25   90.00   17726   502     508
85.91   90.00   17728   503     500
85.91   90.00   17730   503     498
86.93   90.00   17732   500     502
86.59   90.00   17734   501     501
85.57   90.00   17736   504     531
85.23   90.00   17738   505     501
85.23   90.00   17740   505     504
85.23   90.00   17742   505     510
84.89   90.00   17744   506     502
84.89   90.00   17746   506     502
84.55   90.00   17748   507     512
84.20   90.00   17750   508     503
85.57   90.00   17752   504     499
85.57   90.00   17754   504     504
84.55   90.00   17756   507     525
84.89   90.00   17758   506     504
85.23   90.00   17760   505     499
85.23   90.00   17762   505     500
85.57   90.00   17764   504     505
85.57   90.00   17766   504     498
85.57   90.00   17768   504     498
85.91   90.00   17770   503     502
86.93   90.00   17772   500     498
87.27   90.00   17775   499     497
86.59   90.00   17777   501     514
86.93   90.00   17779   500     496
87.27   90.00   17781   499     495
87.27   90.00   17783   499     495
87.61   90.00   17785   498     494
87.95   90.00   17787   497     493
87.95   90.00   17789   497     493
88.30   90.00   17791   496     491
88.98   90.00   17793   494     497
89.32   90.00   17795   493     492
88.98   90.00   17797   494     502
88.98   90.00   17799   494     493
89.32   90.00   17801   493     489
89.32   90.00   17803   493     495
89.32   90.00   17805   493     486
89.66   90.00   17807   492     487
89.32   90.00   17809   493     504
89.66   90.00   17811   492     486
90.34   90.00   17813   490     482
90.34   90.00   17815   490     494
90.34   90.00   17817   490     492
90.34   90.00   17819   490     491
90.34   90.00   17821   490     491
90.00   90.00   17823   491     489
90.34   90.00   17825   490     496
90.34   90.00   17827   490     487
90.00   90.00   17829   491     489
89.66   90.00   17831   492     503
90.00   90.00   17833   491     489
90.00   90.00   17835   491     488
89.32   90.00   17837   493     508
89.32   90.00   17839   493     489
89.66   90.00   17841   492     491
88.98   90.00   17843   494     497
88.98   90.00   17845   494     491
89.66   90.00   17847   492     491
89.32   90.00   17849   493     492
88.98   90.00   17851   494     494
89.66   90.00   17853   492     493
89.32   90.00   17855   493     496
89.32   90.00   17857   493     497
89.32   90.00   17859   493     496
88.98   90.00   17861   494     497
88.64   90.00   17863   495     499
87.95   90.00   17865   497     505
87.95   90.00   17868   497     499
87.61   90.00   17870   498     497
87.61   90.00   17872   498     498
87.61   90.00   17874   498     501
85.91   90.00   17876   503     532
85.91   90.00   17878   503     501
85.57   90.00   17880   504     504
85.23   90.00   17882   505     516
84.89   90.00   17884   506     503
84.55   90.00   17886   507     503
84.20   90.00   17888   508     510
83.86   90.00   17890   509     506
84.55   90.00   17892   507     515
84.55   90.00   17894   507     505
83.52   90.00   17896   510     527
83.86   90.00   17898   509     505
84.20   90.00   17900   508     501
84.20   90.00   17902   508     502
83.86   90.00   17904   509     513
84.20   90.00   17906   508     501
84.89   90.00   17908   506     502
84.20   90.00   17910   508     514
85.57   90.00   17912   504     501
85.91   90.00   17914   503     497
84.89   90.00   17916   506     525
84.89   90.00   17918   506     501
85.57   90.00   17920   504     499
85.57   90.00   17922   504     498
85.91   90.00   17924   503     497
86.59   90.00   17926   501     498
86.59   90.00   17928   501     497
86.59   90.00   17930   501     494
87.95   90.00   17932   497     495
88.30   90.00   17934   496     494
87.61   90.00   17936   498     517
87.61   90.00   17938   498     494
87.95   90.00   17940   497     493
88.30   90.00   17942   496     492
88.30   90.00   17944   496     490
88.64   90.00   17946   495     488
88.30   90.00   17948   496     504
88.30   90.00   17950   496     491
90.00   90.00   17952   491     484
89.66   90.00   17954   492     495
88.98   90.00   17956   494     511
88.98   90.00   17959   494     491
89.32   90.00   17961   493     487
89.32   90.00   17963   493     486
89.66   90.00   17965   492     497
89.66   90.00   17967   492     486
89.66   90.00   17969   492     488
88.98   90.00   17971   494     512
90.00   90.00   17973   491     488
90.34   90.00   17975   490     482
88.98   90.00   17977   494     519
88.64   90.00   17979   495     489
88.98   90.00   17981   494     493
88.64   90.00   17983   495     492
88.64   90.00   17985   495     489
89.32   90.00   17987   493     496
89.32   90.00   17989   493     488
88.98   90.00   17991   494     489
90.00   90.00   17993   491     495
90.00   90.00   17995   491     490
89.32   90.00   17997   493     508
89.32   90.00   17999   493     493
89.32   90.00   18001   493     492
89.32   90.00   18003   493     493
88.98   90.00   18005   494     495
88.64   90.00   18007   495     495
88.64   90.00   18009   495     496
88.64   90.00   18011   495     496
88.98   90.00   18013   494     498
88.30   90.00   18015   496     504
87.95   90.00   18017   497     504
87.61   90.00   18019   498     499
87.27   90.00   18021   499     503
87.27   90.00   18023   499     499
86.93   90.00   18025   500     498
86.59   90.00   18027   501     504
86.59   90.00   18029   501     501
86.59   90.00   18031   501     505
86.59   90.00   18033   501     501
86.59   90.00   18035   501     502
85.91   90.00   18037   503     516
85.91   90.00   18039   503     502
85.57   90.00   18041   504     503
85.23   90.00   18043   505     513
85.23   90.00   18045   505     505
85.23   90.00   18047   505     504
84.89   90.00   18049   506     507
84.89   90.00   18052   506     502
85.57   90.00   18054   504     501
85.57   90.00   18056   504     501
85.57   90.00   18058   504     503
85.91   90.00   18060   503     508
85.91   90.00   18062   503     502
85.91   90.00   18064   503     503
85.91   90.00   18066   503     509
85.91   90.00   18068   503     500
85.91   90.00   18070   503     499
85.91   90.00   18072   503     505
86.25   90.00   18074   502     497
85.57   90.00   18076   504     521
85.91   90.00   18078   503     497
86.25   90.00   18080   502     496
86.59   90.00   18082   501     494
86.93   90.00   18084   500     495
87.27   90.00   18086   499     495
87.61   90.00   18088   498     493
87.61   90.00   18090   498     494
88.98   90.00   18092   494     492
88.98   90.00   18094   494     500
87.95   90.00   18096   497     515
88.30   90.00   18098   496     487
88.64   90.00   18100   495     490
88.98   90.00   18102   494     489
88.64   90.00   18104   495     498
88.98   90.00   18106   494     488
88.98   90.00   18108   494     488
88.98   90.00   18110   494     505
90.00   90.00   18112   491     489
90.00   90.00   18114   491     483
88.98   90.00   18116   494     518
88.98   90.00   18118   494     487
89.32   90.00   18120   493     494
88.98   90.00   18122   494     490
88.98   90.00   18124   494     488
89.32   90.00   18126   493     499
89.32   90.00   18128   493     486
89.32   90.00   18130   493     489
89.66   90.00   18132   492     509
89.66   90.00   18134   492     489
88.98   90.00   18136   494     510
88.30   90.00   18138   496     499
88.30   90.00   18140   496     488
88.98   90.00   18143   494     486
88.64   90.00   18145   495     493
88.64   90.00   18147   495     491
89.66   90.00   18149   492     488
89.32   90.00   18151   493     492
90.00   90.00   18153   491     492
90.34   90.00   18155   490     495
88.98   90.00   18157   494     516
88.64   90.00   18159   495     494
88.64   90.00   18161   495     495
88.64   90.00   18163   495     496
87.95   90.00   18165   497     498
87.61   90.00   18167   498     502
87.27   90.00   18169   499     498
87.27   90.00   18171   499     496
88.30   90.00   18173   496     497
87.95   90.00   18175   497     500
86.59   90.00   18177   501     522
86.59   90.00   18179   501     500
86.59   90.00   18181   501     500
85.91   90.00   18183   503     514
85.91   90.00   18185   503     502
85.57   90.00   18187   504     498
85.23   90.00   18189   505     506
85.23   90.00   18191   505     503
85.91   90.00   18193   503     505
85.91   90.00   18195   503     503
84.89   90.00   18197   506     521
84.89   90.00   18199   506     516
84.89   90.00   18201   506     503
84.55   90.00   18203   507     502
84.55   90.00   18205   507     511
84.55   90.00   18207   507     502
84.55   90.00   18209   507     500
84.20   90.00   18211   508     516
84.89   90.00   18213   506     503
85.57   90.00   18215   504     498
85.57   90.00   18217   504     506
85.57   90.00   18219   504     502
85.91   90.00   18221   503     503
85.91   90.00   18223   503     498
85.91   90.00   18225   503     499
86.59   90.00   18227   501     502
86.93   90.00   18229   500     497
86.93   90.00   18231   500     497
87.27   90.00   18233   499     498
87.61   90.00   18236   498     495
87.95   90.00   18238   497     498
87.95   90.00   18240   497     494
88.30   90.00   18242   496     494
88.64   90.00   18244   495     492
88.64   90.00   18246   495     494
88.98   90.00   18248   494     491
88.98   90.00   18250   494     497
89.32   90.00   18252   493     490
89.66   90.00   18254   492     491
89.32   90.00   18256   493     501
89.32   90.00   18258   493     489
89.66   90.00   18260   492     487
89.66   90.00   18262   492     491
90.00   90.00   18264   491     488
90.00   90.00   18266   491     499
90.00   90.00   18268   491     485
90.34   90.00   18270   490     488
90.00   90.00   18272   491     503
90.34   90.00   18274   490     487
89.32   90.00   18276   493     505
88.98   90.00   18278   494     501
88.98   90.00   18280   494     488
89.66   90.00   18282   492     484
89.32   90.00   18284   493     493
89.32   90.00   18286   493     489
89.66   90.00   18288   492     496
89.66   90.00   18290   492     487
90.34   90.00   18292   490     488
90.34   90.00   18294   490     502
89.32   90.00   18296   493     513
88.98   90.00   18298   494     489
88.64   90.00   18300   495     497
88.64   90.00   18302   495     491
88.98   90.00   18304   494     491
88.64   90.00   18306   495     493
88.30   90.00   18308   496     493
88.98   90.00   18310   494     493
89.66   90.00   18312   492     493
89.32   90.00   18314   493     495
88.64   90.00   18316   495     519
88.30   90.00   18318   496     496
87.95   90.00   18320   497     497
87.61   90.00   18322   498     500
87.61   90.00   18324   498     498
87.27   90.00   18327   499     498
86.93   90.00   18329   500     504
86.59   90.00   18331   501     499
87.27   90.00   18333   499     501
87.27   90.00   18335   499     497
86.25   90.00   18337   502     523
85.91   90.00   18339   503     508
85.91   90.00   18341   503     502
85.57   90.00   18343   504     503
85.23   90.00   18345   505     514
84.89   90.00   18347   506     503
84.89   90.00   18349   506     499
84.55   90.00   18351   507     508
85.23   90.00   18353   505     504
85.23   90.00   18355   505     511
84.20   90.00   18357   508     526
84.20   90.00   18359   508     502
84.55   90.00   18361   507     508
84.55   90.00   18363   507     501
84.55   90.00   18365   507     502
84.20   90.00   18367   508     516
84.20   90.00   18369   508     502
84.55   90.00   18371   507     500
85.57   90.00   18373   504     507
85.57   90.00   18375   504     500
85.23   90.00   18377   505     514
85.57   90.00   18379   504     499
85.57   90.00   18381   504     499
86.25   90.00   18383   502     499
86.59   90.00   18385   501     497
86.59   90.00   18387   501     497
86.93   90.00   18389   500     497
87.27   90.00   18391   499     496
87.95   90.00   18393   497     495
88.30   90.00   18395   496     494
87.61   90.00   18397   498     512
87.95   90.00   18399   497     494
87.95   90.00   18401   497     496
87.95   90.00   18403   497     493
88.30   90.00   18405   496     496
88.30   90.00   18407   496     491
88.64   90.00   18409   495     491
88.30   90.00   18411   496     497
89.32   90.00   18413   493     490
89.66   90.00   18415   492     483
88.64   90.00   18417   495     522
88.98   90.00   18420   494     488
88.98   90.00   18422   494     491
89.32   90.00   18424   493     487
89.66   90.00   18426   492     486
89.32   90.00   18428   493     499
89.66   90.00   18430   492     486
89.32   90.00   18432   493     487
90.00   90.00   18434   491     508
90.00   90.00   18436   491     488
90.34   90.00   18438   490     487
89.32   90.00   18440   493     504
89.32   90.00   18442   493     490
89.66   90.00   18444   492     492
89.32   90.00   18446   493     492
89.32   90.00   18448   493     489
89.66   90.00   18450   492     496
89.66   90.00   18452   492     487
89.66   90.00   18454   492     489
90.00   90.00   18456   491     497
90.00   90.00   18458   491     492
90.00   90.00   18460   491     490
90.00   90.00   18462   491     493
90.00   90.00   18464   491     492
90.00   90.00   18466   491     492
89.66   90.00   18468   492     494
89.66   90.00   18470   492     494
89.66   90.00   18472   492     495
89.32   90.00   18474   493     496
87.95   90.00   18476   497     521
87.95   90.00   18478   497     500
87.61   90.00   18480   498     499
87.27   90.00   18482   499     499
86.93   90.00   18484   500     504
86.59   90.00   18486   501     500
86.25   90.00   18488   502     500
85.57   90.00   18490   504     511
86.59   90.00   18492   501     502
86.25   90.00   18494   502     505
85.23   90.00   18496   505     525
85.23   90.00   18498   505     501
84.89   90.00   18500   506     512
84.55   90.00   18502   507     502
84.55   90.00   18504   507     504
84.55   90.00   18506   507     511
84.55   90.00   18508   507     504
84.20   90.00   18511   508     507
85.23   90.00   18513   505     507
84.89   90.00   18515   506     502
84.55   90.00   18517   507     524
84.55   90.00   18519   507     501
84.55   90.00   18521   507     502
84.55   90.00   18523   507     510
84.89   90.00   18525   506     502
84.89   90.00   18527   506     501
84.89   90.00   18529   506     509
84.89   90.00   18531   506     500
86.25   90.00   18533   502     499
85.91   90.00   18535   503     505
85.23   90.00   18537   505     522
85.57   90.00   18539   504     498
85.91   90.00   18541   503     495
85.91   90.00   18543   503     497
86.59   90.00   18545   501     496
86.59   90.00   18547   501     499
86.93   90.00   18549   500     494
87.27   90.00   18551   499     494
88.64   90.00   18553   495     495
88.64   90.00   18555   495     492
87.61   90.00   18557   498     524
87.61   90.00   18559   498     492
87.95   90.00   18561   497     489
88.30   90.00   18563   496     492
88.64   90.00   18565   495     490
88.30   90.00   18567   496     501
88.30   90.00   18569   496     489
88.64   90.00   18571   495     489
89.32   90.00   18573   493     503
89.66   90.00   18575   492     488
88.98   90.00   18577   494     501
88.98   90.00   18579   494     497
88.98   90.00   18581   494     489
89.32   90.00   18583   493     489
89.66   90.00   18585   492     488
89.66   90.00   18587   492     488
90.00   90.00   18589   491     495
90.00   90.00   18591   491     487
90.34   90.00   18593   490     489
89.66   90.00   18595   492     517
88.98   90.00   18597   494     507
88.98   90.00   18599   494     483
88.64   90.00   18601   495     502
88.30   90.00   18604   496     490
88.64   90.00   18606   495     488
88.64   90.00   18608   495     492
88.30   90.00   18610   496     492
89.66   90.00   18612   492     489
90.34   90.00   18614   490     491
89.66   90.00   18616   492     493
90.00   90.00   18618   491     499
89.66   90.00   18620   492     496
89.32   90.00   18622   493     493
89.32   90.00   18624   493     496
88.98   90.00   18626   494     496
88.98   90.00   18628   494     496
88.30   90.00   18630   496     503
87.95   90.00   18632   497     498
88.30   90.00   18634   496     495
88.30   90.00   18636   496     498
87.95   90.00   18638   497     502
87.61   90.00   18640   498     501
87.61   90.00   18642   498     497
87.61   90.00   18644   498     498
87.27   90.00   18646   499     505
87.27   90.00   18648   499     499
87.27   90.00   18650   499     500
86.93   90.00   18652   500     506
86.93   90.00   18654   500     501
86.25   90.00   18656   502     518
85.91   90.00   18658   503     500
85.91   90.00   18660   503     502
85.57   90.00   18662   504     509
85.57   90.00   18664   504     501
85.57   90.00   18666   504     502
85.23   90.00   18668   505     512
85.23   90.00   18670   505     502
85.91   90.00   18672   503     500
85.57   90.00   18674   504     509
84.55   90.00   18676   507     524
84.89   90.00   18678   506     504
84.89   90.00   18680   506     502
84.89   90.00   18682   506     501
85.23   90.00   18684   505     503
85.57   90.00   18686   504     496
85.57   90.00   18688   504     499
85.91   90.00   18690   503     502
86.93   90.00   18692   500     497
87.27   90.00   18695   499     496
86.59   90.00   18697   501     521
86.59   90.00   18699   501     495
87.27   90.00   18701   499     493
87.27   90.00   18703   499     495
87.61   90.00   18705   498     493
87.95   90.00   18707   497     493
87.95   90.00   18709   497     494
87.95   90.00   18711   497     494
89.32   90.00   18713   493     494
89.32   90.00   18715   493     491
88.30   90.00   18717   496     516
88.30   90.00   18719   496     498
88.30   90.00   18721   496     490
88.64   90.00   18723   495     491
88.64   90.00   18725   495     488
88.98   90.00   18727   494     487
88.98   90.00   18729   494     499
88.98   90.00   18731   494     488
90.34   90.00   18733   490     487
90.34   90.00   18735   490     498
89.32   90.00   18737   493     512
89.66   90.00   18739   492     485
88.30   90.00   18741   496     515
88.30   90.00   18743   496     488
88.64   90.00   18745   495     491
88.30   90.00   18747   496     494
88.30   90.00   18749   496     489
88.30   90.00   18751   496     498
89.32   90.00   18753   493     488
89.32   90.00   18755   493     489
88.98   90.00   18757   494     516
88.98   90.00   18759   494     491
88.98   90.00   18761   494     490
88.64   90.00   18763   495     500
88.64   90.00   18765   495     493
88.98   90.00   18767   494     493
88.64   90.00   18769   495     496
88.30   90.00   18771   496     494
89.32   90.00   18773   493     493
88.98   90.00   18775   494     494
88.30   90.00   18777   496     513
88.30   90.00   18779   496     495
88.30   90.00   18781   496     497
87.95   90.00   18783   497     496
87.95   90.00   18786   497     501
87.61   90.00   18788   498     499
87.27   90.00   18790   499     498
86.93   90.00   18792   500     505
87.61   90.00   18794   498     499
87.27   90.00   18796   499     498
86.59   90.00   18798   501     516
86.25   90.00   18800   502     502
85.91   90.00   18802   503     509
85.91   90.00   18804   503     503
85.57   90.00   18806   504     503
85.23   90.00   18808   505     517
84.89   90.00   18810   506     502
84.89   90.00   18812   506     501
85.23   90.00   18814   505     510
84.89   90.00   18816   506     505
84.89   90.00   18818   506     510
84.89   90.00   18820   506     504
84.89   90.00   18822   506     502
85.57   90.00   18824   504     505
85.57   90.00   18826   504     501
85.57   90.00   18828   504     502
85.23   90.00   18830   505     518
85.23   90.00   18832   505     502
85.57   90.00   18834   504     502
85.57   90.00   18836   504     508
85.23   90.00   18838   505     503
85.57   90.00   18840   504     501
85.23   90.00   18842   505     505
85.57   90.00   18844   504     498
86.25   90.00   18846   502     498
86.59   90.00   18848   501     498
86.93   90.00   18850   500     497
87.27   90.00   18852   499     495
87.61   90.00   18854   498     495
87.27   90.00   18856   499     514
87.61   90.00   18858   498     496
87.61   90.00   18860   498     494
87.95   90.00   18862   497     493
87.95   90.00   18864   497     497
87.95   90.00   18866   497     493
88.30   90.00   18868   496     492
87.61   90.00   18870   498     513
88.30   90.00   18872   496     491
88.64   90.00   18874   495     492
87.95   90.00   18876   497     513
87.95   90.00   18879   497     489
87.95   90.00   18881   497     495
88.30   90.00   18883   496     489
88.30   90.00   18885   496     489
88.98   90.00   18887   494     500
88.98   90.00   18889   494     488
89.32   90.00   18891   493     486
90.34   90.00   18893   490     492
90.34   90.00   18895   490     489
89.32   90.00   18897   493     515
89.32   90.00   18899   493     489
89.66   90.00   18901   492     485
89.66   90.00   18903   492     499
89.66   90.00   18905   492     488
89.32   90.00   18907   493     488
88.98   90.00   18909   494     503
88.98   90.00   18911   494     490
90.00   90.00   18913   491     490
89.32   90.00   18915   493     503
88.30   90.00   18917   496     513
88.64   90.00   18919   495     491
88.30   90.00   18921   496     496
87.95   90.00   18923   497     491
88.64   90.00   18925   495     492
88.30   90.00   18927   496     493
88.30   90.00   18929   496     494
88.64   90.00   18931   495     493
89.32   90.00   18933   493     495
89.32   90.00   18935   493     495
88.30   90.00   18937   496     518
88.30   90.00   18939   496     496
87.95   90.00   18941   497     497
87.61   90.00   18943   498     501
87.27   90.00   18945   499     498
87.27   90.00   18947   499     497
86.93   90.00   18949   500     500
86.93   90.00   18951   500     499
87.61   90.00   18953   498     500
87.61   90.00   18955   498     499
86.59   90.00   18957   501     521
86.25   90.00   18959   502     503
86.25   90.00   18961   502     500
86.25   90.00   18963   502     501
85.57   90.00   18965   504     510
85.57   90.00   18967   504     501
85.57   90.00   18970   504     499
85.57   90.00   18972   504     505
86.25   90.00   18974   502     502
86.25   90.00   18976   502     505
85.23   90.00   18978   505     519
85.57   90.00   18980   504     498
85.57   90.00   18982   504     510
85.57   90.00   18984   504     502
85.23   90.00   18986   505     500
85.23   90.00   18988   505     505
85.57   90.00   18990   504     500
85.57   90.00   18992   504     501
85.91   90.00   18994   503     512
85.91   90.00   18996   503     499
85.91   90.00   18998   503     509
85.91   90.00   19000   503     502
85.91   90.00   19002   503     500
86.25   90.00   19004   502     496
86.25   90.00   19006   502     498
86.59   90.00   19008   501     496
87.27   90.00   19010   499     497
87.27   90.00   19012   499     497
87.95   90.00   19014   497     496
88.30   90.00   19016   496     495
89.32   90.00   19018   493     476
89.32   90.00   19020   493     494
89.32   90.00   19022   493     500
89.32   90.00   19024   493     492
89.66   90.00   19026   492     489
90.00   90.00   19028   491     491
90.00   90.00   19030   491     492
90.00   90.00   19032   491     496
89.32   90.00   19034   493     491
89.66   90.00   19036   492     490
89.66   90.00   19038   492     502
89.66   90.00   19040   492     489
90.00   90.00   19042   491     484
89.66   90.00   19044   492     493
90.00   90.00   19046   491     488
90.34   90.00   19048   490     488
90.68   90.00   19050   489     485
90.68   90.00   19052   489     489
90.68   90.00   19054   489     500
90.00   90.00   19056   491     509
89.66   90.00   19058   492     489
88.64   90.00   19060   495     515
88.64   90.00   19063   495     489
88.98   90.00   19065   494     484
88.30   90.00   19067   496     498
88.30   90.00   19069   496     489
88.98   90.00   19071   494     487
89.66   90.00   19073   492     492
89.66   90.00   19075   492     490
89.66   90.00   19077   492     515
89.32   90.00   19079   493     491
88.98   90.00   19081   494     492
89.32   90.00   19083   493     494
88.98   90.00   19085   494     492
88.98   90.00   19087   494     493
88.98   90.00   19089   494     493
88.64   90.00   19091   495     494
89.66   90.00   19093   492     495
89.32   90.00   19095   493     495
88.30   90.00   19097   496     520
87.95   90.00   19099   497     496
87.95   90.00   19101   497     498
87.61   90.00   19103   498     499
87.27   90.00   19105   499     502
86.93   90.00   19107   500     498
86.93   90.00   19109   500     499
85.91   90.00   19111   503     520
86.59   90.00   19113   501     499
86.59   90.00   19115   501     500
84.89   90.00   19117   506     533
84.89   90.00   19119   506     502
84.89   90.00   19121   506     504
84.55   90.00   19123   507     501
84.55   90.00   19125   507     502
84.89   90.00   19127   506     508
84.89   90.00   19129   506     504
84.55   90.00   19131   507     503
85.23   90.00   19133   505     517
85.23   90.00   19135   505     503
84.20   90.00   19137   508     527
83.86   90.00   19139   509     513
83.86   90.00   19141   509     502
84.20   90.00   19143   508     497
84.20   90.00   19145   508     504
84.20   90.00   19147   508     502
84.89   90.00   19149   506     501
85.23   90.00   19151   505     499
86.25   90.00   19154   502     500
86.59   90.00   19156   501     505
85.91   90.00   19158   503     517
85.91   90.00   19160   503     498
86.25   90.00   19162   502     499
86.59   90.00   19164   501     496
86.59   90.00   19166   501     495
86.93   90.00   19168   500     497
86.93   90.00   19170   500     495
87.61   90.00   19172   498     493
88.64   90.00   19174   495     493
88.98   90.00   19176   494     492
88.30   90.00   19178   496     512
88.64   90.00   19180   495     491
88.64   90.00   19182   495     490
88.30   90.00   19184   496     505
88.64   90.00   19186   495     489
88.98   90.00   19188   494     484
88.98   90.00   19190   494     493
89.32   90.00   19192   493     488
90.00   90.00   19194   491     495
90.00   90.00   19196   491     486
89.66   90.00   19198   492     500
90.00   90.00   19200   491     498
90.00   90.00   19202   491     487
90.00   90.00   19204   491     489
88.98   90.00   19206   494     517
88.98   90.00   19208   494     487
89.32   90.00   19210   493     483
88.64   90.00   19212   495     507
88.98   90.00   19214   494     489
89.32   90.00   19216   493     492
88.98   90.00   19218   494     496
88.98   90.00   19220   494     488
89.66   90.00   19222   492     495
89.66   90.00   19224   492     488
89.66   90.00   19226   492     488
90.00   90.00   19228   491     497
90.00   90.00   19230   491     490
90.00   90.00   19232   491     491
90.00   90.00   19234   491     494
90.00   90.00   19236   491     492
90.00   90.00   19238   491     496
89.66   90.00   19240   492     496
89.32   90.00   19242   493     496
89.32   90.00   19244   493     496
88.98   90.00   19247   494     498
88.64   90.00   19249   495     498
88.30   90.00   19251   496     501
87.95   90.00   19253   497     498
87.95   90.00   19255   497     499
86.59   90.00   19257   501     527
86.25   90.00   19259   502     505
85.91   90.00   19261   503     502
85.23   90.00   19263   505     511
85.23   90.00   19265   505     504
85.23   90.00   19267   505     501
84.89   90.00   19269   506     504
84.55   90.00   19271   507     503
85.57   90.00   19273   504     510
85.57   90.00   19275   504     504
84.20   90.00   19277   508     531
83.86   90.00   19279   509     522
83.86   90.00   19281   509     505
83.52   90.00   19283   510     504
83.18   90.00   19285   511     511
83.18   90.00   19287   511     503
83.18   90.00   19289   511     511
82.84   90.00   19291   512     512
84.20   90.00   19293   508     504
85.23   90.00   19295   505     498
84.20   90.00   19297   508     525
84.20   90.00   19299   508     501
84.55   90.00   19301   507     504
84.89   90.00   19303   506     498
85.23   90.00   19305   505     499
85.91   90.00   19307   503     501
86.25   90.00   19309   502     497
86.25   90.00   19311   502     498
87.27   90.00   19313   499     499
87.61   90.00   19315   498     496